[Database]
user = pi
password = piwater
host = 127.0.0.1
port = 5432
database = watermonitor

[Signal]
sampling_rate = 50
slope = 0.0001
delta = 2
init = 1
max_peak = 3.104384386494168
min_peak = -0.8507567464396288
min_period = 140
mean = -3.0902851863690713e-15
duration_flush = 29.692
last_timestamp = 0
process_cover = 3600
tot_consum = 0
x1 = 139
y1 = 1.3
x2 = 308
y2 = 0.5342